Max number= Max power= 
<4,3 2 6|
<9,3 3 6|
<16,3 2 12|
<2,4 2 4|
<3,4 3 4|
<4,4 2 8|
<5,4 5 4|
<6,4 2 4|3 4|
<7,4 7 4|
<8,4 2 12|
<9,4 3 8|
<27,4 3 12|
<4,5 2 10|
<8,5 2 15|
<16,5 2 20|
<2,6 2 6|
<3,6 3 6|
<4,6 2 12|
<5,6 5 6|
<6,6 2 6|3 6|
<7,6 7 6|
<8,6 2 18|
<9,6 3 12|
<16,6 2 24|
<32,6 2 30|
<2,8 2 8|
<3,8 3 8|
<4,8 2 16|
<5,8 5 8|
<6,8 2 8|3 8|
<7,8 7 8|
<8,8 2 24|
<9,8 3 16|
<27,8 3 24|
<2,9 2 9|
<3,9 3 9|
<4,9 2 18|
<9,9 3 18|
<16,9 2 36|
<2,10 2 10|
<3,10 3 10|
<4,10 2 20|
<5,10 5 10|
<6,10 2 10|3 10|
<7,10 7 10|
<8,10 2 30|
<9,10 3 20|
<16,10 2 40|
<2,12 2 12|
<3,12 3 12|
<4,12 2 24|
<5,12 5 12|
<6,12 2 12|3 12|
<7,12 7 12|
<8,12 2 36|
<9,12 3 24|
<16,12 2 48|
<27,12 3 36|
<32,12 2 60|
<2,14 2 14|
<3,14 3 14|
<4,14 2 28|
<5,14 5 14|
<6,14 2 14|3 14|
<7,14 7 14|
<8,14 2 42|
<9,14 3 28|
<2,15 2 15|
<3,15 3 15|
<4,15 2 30|
<8,15 2 45|
<9,15 3 30|
<16,15 2 60|
<2,16 2 16|
<3,16 3 16|
<4,16 2 32|
<5,16 5 16|
<6,16 2 16|3 16|
<7,16 7 16|
<8,16 2 48|
<9,16 3 32|
<27,16 3 48|
<2,18 2 18|
<3,18 3 18|
<4,18 2 36|
<5,18 5 18|
<6,18 2 18|3 18|
<7,18 7 18|
<8,18 2 54|
<9,18 3 36|
<16,18 2 72|
<32,18 2 90|
<2,20 2 20|
<3,20 3 20|
<4,20 2 40|
<5,20 5 20|
<6,20 2 20|3 20|
<7,20 7 20|
<8,20 2 60|
<9,20 3 40|
<16,20 2 80|
<27,20 3 60|
<2,21 2 21|
<3,21 3 21|
<4,21 2 42|
<9,21 3 42|
<16,21 2 84|
<2,22 2 22|
<3,22 3 22|
<4,22 2 44|
<5,22 5 22|
<6,22 2 22|3 22|
<7,22 7 22|
<8,22 2 66|
<9,22 3 44|
<2,24 2 24|
<3,24 3 24|
<4,24 2 48|
<5,24 5 24|
<6,24 2 24|3 24|
<7,24 7 24|
<8,24 2 72|
<9,24 3 48|
<16,24 2 96|
<27,24 3 72|
<32,24 2 120|
<2,25 2 25|
<4,25 2 50|
<8,25 2 75|
<16,25 2 100|
<2,26 2 26|
<3,26 3 26|
<4,26 2 52|
<5,26 5 26|
<6,26 2 26|3 26|
<7,26 7 26|
<8,26 2 78|
<9,26 3 52|
<2,27 2 27|
<3,27 3 27|
<4,27 2 54|
<9,27 3 54|
<16,27 2 108|
<2,28 2 28|
<3,28 3 28|
<4,28 2 56|
<5,28 5 28|
<6,28 2 28|3 28|
<7,28 7 28|
<8,28 2 84|
<9,28 3 56|
<27,28 3 84|
<2,30 2 30|
<3,30 3 30|
<4,30 2 60|
<5,30 5 30|
<6,30 2 30|3 30|
<7,30 7 30|
<8,30 2 90|
<9,30 3 60|
<16,30 2 120|
<32,30 2 150|
<2,32 2 32|
<3,32 3 32|
<4,32 2 64|
<5,32 5 32|
<6,32 2 32|3 32|
<7,32 7 32|
<8,32 2 96|
<9,32 3 64|
<27,32 3 96|
<2,33 2 33|
<3,33 3 33|
<4,33 2 66|
<9,33 3 66|
<16,33 2 132|
<2,34 2 34|
<3,34 3 34|
<4,34 2 68|
<5,34 5 34|
<6,34 2 34|3 34|
<7,34 7 34|
<8,34 2 102|
<9,34 3 68|
<2,35 2 35|
<4,35 2 70|
<8,35 2 105|
<16,35 2 140|
<2,36 2 36|
<3,36 3 36|
<4,36 2 72|
<5,36 5 36|
<6,36 2 36|3 36|
<7,36 7 36|
<8,36 2 108|
<9,36 3 72|
<16,36 2 144|
<27,36 3 108|
<32,36 2 180|
<2,38 2 38|
<3,38 3 38|
<4,38 2 76|
<5,38 5 38|
<6,38 2 38|3 38|
<7,38 7 38|
<8,38 2 114|
<9,38 3 76|
<2,39 2 39|
<3,39 3 39|
<4,39 2 78|
<9,39 3 78|
<16,39 2 156|
<2,40 2 40|
<3,40 3 40|
<4,40 2 80|
<5,40 5 40|
<6,40 2 40|3 40|
<7,40 7 40|
<8,40 2 120|
<9,40 3 80|
<16,40 2 160|
<27,40 3 120|
<2,42 2 42|
<3,42 3 42|
<4,42 2 84|
<5,42 5 42|
<6,42 2 42|3 42|
<7,42 7 42|
<8,42 2 126|
<9,42 3 84|
<16,42 2 168|
<32,42 2 210|
<2,44 2 44|
<3,44 3 44|
<4,44 2 88|
<5,44 5 44|
<6,44 2 44|3 44|
<7,44 7 44|
<8,44 2 132|
<9,44 3 88|
<27,44 3 132|
<2,45 2 45|
<3,45 3 45|
<4,45 2 90|
<8,45 2 135|
<9,45 3 90|
<16,45 2 180|
<2,46 2 46|
<3,46 3 46|
<4,46 2 92|
<5,46 5 46|
<6,46 2 46|3 46|
<7,46 7 46|
<8,46 2 138|
<9,46 3 92|
<2,48 2 48|
<3,48 3 48|
<4,48 2 96|
<5,48 5 48|
<6,48 2 48|3 48|
<7,48 7 48|
<8,48 2 144|
<9,48 3 96|
<16,48 2 192|
<27,48 3 144|
<32,48 2 240|
<2,50 2 50|
<3,50 3 50|
<4,50 2 100|
<5,50 5 50|
<6,50 2 50|3 50|
<7,50 7 50|
<8,50 2 150|
<9,50 3 100|
<16,50 2 200|
<2,51 2 51|
<3,51 3 51|
<4,51 2 102|
<9,51 3 102|
<16,51 2 204|
<2,52 2 52|
<3,52 3 52|
<4,52 2 104|
<5,52 5 52|
<6,52 2 52|3 52|
<7,52 7 52|
<8,52 2 156|
<9,52 3 104|
<27,52 3 156|
<2,54 2 54|
<3,54 3 54|
<4,54 2 108|
<5,54 5 54|
<6,54 2 54|3 54|
<7,54 7 54|
<8,54 2 162|
<9,54 3 108|
<16,54 2 216|
<32,54 2 270|
<2,55 2 55|
<4,55 2 110|
<8,55 2 165|
<16,55 2 220|
<2,56 2 56|
<3,56 3 56|
<4,56 2 112|
<5,56 5 56|
<6,56 2 56|3 56|
<7,56 7 56|
<8,56 2 168|
<9,56 3 112|
<27,56 3 168|
<2,57 2 57|
<3,57 3 57|
<4,57 2 114|
<9,57 3 114|
<16,57 2 228|
<2,58 2 58|
<3,58 3 58|
<4,58 2 116|
<5,58 5 58|
<6,58 2 58|3 58|
<7,58 7 58|
<8,58 2 174|
<9,58 3 116|
<2,60 2 60|
<3,60 3 60|
<4,60 2 120|
<5,60 5 60|
<6,60 2 60|3 60|
<7,60 7 60|
<8,60 2 180|
<9,60 3 120|
<16,60 2 240|
<27,60 3 180|
<32,60 2 300|
<2,62 2 62|
<3,62 3 62|
<4,62 2 124|
<5,62 5 62|
<6,62 2 62|3 62|
<7,62 7 62|
<8,62 2 186|
<9,62 3 124|
<2,63 2 63|
<3,63 3 63|
<4,63 2 126|
<9,63 3 126|
<16,63 2 252|
<2,64 2 64|
<3,64 3 64|
<4,64 2 128|
<5,64 5 64|
<6,64 2 64|3 64|
<7,64 7 64|
<8,64 2 192|
<9,64 3 128|
<27,64 3 192|
<2,65 2 65|
<4,65 2 130|
<8,65 2 195|
<16,65 2 260|
<2,66 2 66|
<3,66 3 66|
<4,66 2 132|
<5,66 5 66|
<6,66 2 66|3 66|
<7,66 7 66|
<8,66 2 198|
<9,66 3 132|
<16,66 2 264|
<32,66 2 330|
<2,68 2 68|
<3,68 3 68|
<4,68 2 136|
<5,68 5 68|
<6,68 2 68|3 68|
<7,68 7 68|
<8,68 2 204|
<9,68 3 136|
<27,68 3 204|
<2,69 2 69|
<3,69 3 69|
<4,69 2 138|
<9,69 3 138|
<16,69 2 276|
<2,70 2 70|
<3,70 3 70|
<4,70 2 140|
<5,70 5 70|
<6,70 2 70|3 70|
<7,70 7 70|
<8,70 2 210|
<9,70 3 140|
<16,70 2 280|
<2,72 2 72|
<3,72 3 72|
<4,72 2 144|
<5,72 5 72|
<6,72 2 72|3 72|
<7,72 7 72|
<8,72 2 216|
<9,72 3 144|
<16,72 2 288|
<27,72 3 216|
<32,72 2 360|
<2,74 2 74|
<3,74 3 74|
<4,74 2 148|
<5,74 5 74|
<6,74 2 74|3 74|
<7,74 7 74|
<8,74 2 222|
<9,74 3 148|
<2,75 2 75|
<3,75 3 75|
<4,75 2 150|
<8,75 2 225|
<9,75 3 150|
<16,75 2 300|
<2,76 2 76|
<3,76 3 76|
<4,76 2 152|
<5,76 5 76|
<6,76 2 76|3 76|
<7,76 7 76|
<8,76 2 228|
<9,76 3 152|
<27,76 3 228|
<2,78 2 78|
<3,78 3 78|
<4,78 2 156|
<5,78 5 78|
<6,78 2 78|3 78|
<7,78 7 78|
<8,78 2 234|
<9,78 3 156|
<16,78 2 312|
<32,78 2 390|
<2,80 2 80|
<3,80 3 80|
<4,80 2 160|
<5,80 5 80|
<6,80 2 80|3 80|
<7,80 7 80|
<8,80 2 240|
<9,80 3 160|
<16,80 2 320|
<27,80 3 240|
<2,81 2 81|
<3,81 3 81|
<4,81 2 162|
<9,81 3 162|
<16,81 2 324|
<2,82 2 82|
<3,82 3 82|
<4,82 2 164|
<5,82 5 82|
<6,82 2 82|3 82|
<7,82 7 82|
<8,82 2 246|
<9,82 3 164|
<2,84 2 84|
<3,84 3 84|
<4,84 2 168|
<5,84 5 84|
<6,84 2 84|3 84|
<7,84 7 84|
<8,84 2 252|
<9,84 3 168|
<16,84 2 336|
<27,84 3 252|
<32,84 2 420|
<2,85 2 85|
<4,85 2 170|
<8,85 2 255|
<16,85 2 340|
<2,86 2 86|
<3,86 3 86|
<4,86 2 172|
<5,86 5 86|
<6,86 2 86|3 86|
<7,86 7 86|
<8,86 2 258|
<9,86 3 172|
<2,87 2 87|
<3,87 3 87|
<4,87 2 174|
<9,87 3 174|
<16,87 2 348|
<2,88 2 88|
<3,88 3 88|
<4,88 2 176|
<5,88 5 88|
<6,88 2 88|3 88|
<7,88 7 88|
<8,88 2 264|
<9,88 3 176|
<27,88 3 264|
<2,90 2 90|
<3,90 3 90|
<4,90 2 180|
<5,90 5 90|
<6,90 2 90|3 90|
<7,90 7 90|
<8,90 2 270|
<9,90 3 180|
<16,90 2 360|
<32,90 2 450|
<2,92 2 92|
<3,92 3 92|
<4,92 2 184|
<5,92 5 92|
<6,92 2 92|3 92|
<7,92 7 92|
<8,92 2 276|
<9,92 3 184|
<27,92 3 276|
<2,93 2 93|
<3,93 3 93|
<4,93 2 186|
<9,93 3 186|
<16,93 2 372|
<2,94 2 94|
<3,94 3 94|
<4,94 2 188|
<5,94 5 94|
<6,94 2 94|3 94|
<7,94 7 94|
<8,94 2 282|
<9,94 3 188|
<2,95 2 95|
<4,95 2 190|
<8,95 2 285|
<16,95 2 380|
<2,96 2 96|
<3,96 3 96|
<4,96 2 192|
<5,96 5 96|
<6,96 2 96|3 96|
<7,96 7 96|
<8,96 2 288|
<9,96 3 192|
<16,96 2 384|
<27,96 3 288|
<32,96 2 480|
<2,98 2 98|
<3,98 3 98|
<4,98 2 196|
<5,98 5 98|
<6,98 2 98|3 98|
<7,98 7 98|
<8,98 2 294|
<9,98 3 196|
<2,99 2 99|
<3,99 3 99|
<4,99 2 198|
<9,99 3 198|
<16,99 2 396|
<2,100 2 100|
<3,100 3 100|
<4,100 2 200|
<5,100 5 100|
<6,100 2 100|3 100|
<7,100 7 100|
<8,100 2 300|
<9,100 3 200|
<16,100 2 400|
<27,100 3 300|
<2,102 2 102|
<3,102 3 102|
<4,102 2 204|
<5,102 5 102|
<6,102 2 102|3 102|
<7,102 7 102|
<8,102 2 306|
<9,102 3 204|
<16,102 2 408|
<32,102 2 510|
<2,104 2 104|
<3,104 3 104|
<4,104 2 208|
<5,104 5 104|
<6,104 2 104|3 104|
<7,104 7 104|
<8,104 2 312|
<9,104 3 208|
<27,104 3 312|
<2,105 2 105|
<3,105 3 105|
<4,105 2 210|
<8,105 2 315|
<9,105 3 210|
<16,105 2 420|
<2,106 2 106|
<3,106 3 106|
<4,106 2 212|
<5,106 5 106|
<6,106 2 106|3 106|
<7,106 7 106|
<8,106 2 318|
<9,106 3 212|
<2,108 2 108|
<3,108 3 108|
<4,108 2 216|
<5,108 5 108|
<6,108 2 108|3 108|
<7,108 7 108|
<8,108 2 324|
<9,108 3 216|
<16,108 2 432|
<27,108 3 324|
<32,108 2 540|
<2,110 2 110|
<3,110 3 110|
<4,110 2 220|
<5,110 5 110|
<6,110 2 110|3 110|
<7,110 7 110|
<8,110 2 330|
<9,110 3 220|
<16,110 2 440|
10682 10060 622
	4.273955s
